w1=1-(2.070608e-04/6.385348e-04);
w2=sqrt(w1);
w3=1+w2;
wopt=2/w3;

fprintf('%d ',wopt);
